0
403 468
0
0
2
1
0
0 0  0 -1 -579 0 -1 0 0
6
0 -5 335 71 0
2 -5 504 71 0
-2 -5 166 71 0
0 -5 336 252 0
2 -5 433 252 0
-2 -5 239 252 0
1
1 0 1 1170 127
0 22 0 140
2
0
0
12
104 -848 1 2 1 0 12 1 0
0 25 0 140
523 -170 1 2 1 0 12 1 0
0 25 0 140
477 -361 1 2 1 0 12 1 0
0 25 0 140
605 -152 1 1 0 0 12 1 0
0 25 0 140
981 -841 1 2 1 0 12 1 0
0 25 0 140
800 -971 1 1 0 0 12 1 0
0 25 0 140
848 -797 1 2 1 0 12 1 0
0 25 0 140
26 -330 1 1 0 0 12 1 0
0 25 0 140
750 -219 1 1 0 0 12 1 0
0 25 0 140
805 -59 1 2 1 0 12 1 0
0 25 0 140
1164 -963 1 1 0 0 12 1 0
0 25 0 140
199 -100 1 2 1 0 12 1 0
0 25 0 140
17
1 1 0 -200 -200
0 22 0 140
3 3 0 -200 -200
0 22 0 140
2 2 0 -200 -200
0 22 0 140
1 1 0 -200 -200
0 22 0 140
3 3 0 -200 -200
0 22 0 140
1 1 0 -200 -200
0 22 0 140
1 1 0 -200 -200
0 22 0 140
2 2 0 -200 -200
0 22 0 140
1 1 0 -200 -200
0 22 0 140
2 2 0 -200 -200
0 22 0 140
1 1 0 -200 -200
0 22 0 140
2 2 0 -200 -200
0 22 0 140
1 1 0 -200 -200
0 22 0 140
2 2 0 -200 -200
0 22 0 140
1 1 0 -200 -200
0 22 0 140
2 2 0 -200 -200
0 22 0 140
1 1 0 -200 -200
0 22 0 140
0
1
2 10 0 -1000 -1000
